BLACK
(0, 0, 0)
(10, 10, 10)
(20, 20, 20)
(29, 29, 29)

(39, 39, 39)

(49, 49, 49)
(59, 59, 59)
(69, 69, 69)
(78, 78, 78)


GREY
(88, 88, 88)
(98, 98, 98)
(108, 108, 108)
(117, 117, 117)

(128, 128, 128)

(137, 137, 137)
(147, 147, 147)
(157, 157, 157)
(167, 167, 167)


WHITE
(177, 177, 177)
(186, 186, 186)
(196, 196, 196)
(206, 206, 206)

(216, 216, 216)

(226, 226, 226)
(235, 235, 235)
(245, 245, 245)
(255, 255, 255)

---------------

RED
(51, 0, 0)
(102, 0, 0)
(153, 0, 0)
(204, 0, 0)

(255, 0, 0)

(255, 51, 51)
(255, 102, 102)
(255, 153, 153)
(255, 204, 204)


ORANGE
(51, 25, 0)
(102, 51, 0)
(153, 76, 0)
(206, 103, 0)

(255, 128, 0)

(255, 153, 51)
(255, 178, 102)
(255, 204, 153)
(255, 229, 204)


YELLOW
(51, 40, 0)
(102, 81, 0)
(153, 122, 0)
(204, 163, 0)

(255, 212, 0)

(255, 214, 51)
(255, 224, 102)
(255, 234, 153)
(255, 244, 204)

GREEN
(0, 38, 0)
(0, 76, 0)
(0, 114, 0)
(0, 153, 0)

(0, 192, 0)

(40, 204, 40)
(86, 216, 86)
(137, 229, 137)
(193, 242, 193)


BLUE
(0, 13, 51)
(0, 27, 102)
(0, 40, 153)
(0, 54, 204)

(0, 64, 255)

(50, 105, 255)
(102, 142, 255)
(153, 180, 255)
(204, 217, 255)

PURPLE
(18, 0, 51)
(37, 0, 102)
(56, 0, 153)
(74, 0, 204)

(96, 0, 255)

(125, 50, 255)
(158, 102, 255)
(190, 153, 255)
(222, 204, 255)

---------------

BROWN
(25, 9, 0)
(51, 19, 0)
(76, 29, 0)
(102, 39, 0)

(127, 48, 0)

(153, 75, 30)
(178, 110, 71)
(204, 152, 122)
(229, 200, 183)


INDIGO
(0, 0, 25)
(0, 0, 53)
(0, 0, 79)
(0, 0, 107)

(0, 0, 135)

(31, 31, 158)
(72, 72, 181)
(122, 122, 204)
(179, 179, 224)


EMERALD
(4, 51, 32)
(9, 102, 64)
(13, 153, 97)
(18,  204, 129)

(21, 255, 165)

(68, 255, 180)
(114, 255, 198)
(168, 255, 220)
(209, 255, 236)

